01711190994
01730184929
01711378443
01716409799
01711042160
01711468431
01818472880
01743611407
01729685545
01817015379
01711129593
01797529988
01711583007
01732471947
01711001849
01711140800
01711706251
01716456491
01718553837
01715314310
01711939336
01787177747
01314021254
01617777774
01721553676
01717004005
01775489962
01711959485
01718342278
01724909209
01731206727
01717301671
01711464660
01715511551
01911197473
01711589132
01716194937
01777117007
01727202965
01761773150
01711387865
01712115605
01716877982
01716523100
01711875561
01835442282
01716881998
01710322584
01717485866
01714412012
01711351305
01716756720
01306968414
01712227940
01712659864
01726140984
01716614513
01709538776
01712492965
01763867278
01713027809
01716679947
01748106803
01712035663
01711398565
01732156902
01732156902
01712719438
01742275402
01715092569
01741937688
01711464545
01711266051
01717197517
01935607388
01915744694
01761851666
01712783697
01757365116
01719593638
01717754073
01717751415
01720254135
01730692657
01712978765
01744272916
01711055798
01553652371
01715145390
01711464454
01512111555
01920100544
01717011338
01711442139
01712696906
01720922188
01711703939
01792343536
01711465062
01711394070
01711465062
01711583006
01759284477
01719763084
01739828438
01716763276
01711480672
01711328007
01755818882
01930644470
01711387363
01716922469
01721933661
01726604757
01713267305
01711875572
01794602923
01718334303
01713539258
01712261890
01712872300
01715796558
01722872085
01670773054
01714985357
01717359897
01713024691
01715044939
01720976886
01710810298
01711244495
01711235290
01711394070
01716003651
01711939372
01715935130
01724493055
01760531963
01712710646
01711959601
01724907974
01718739149
01714665449
01731464588
01722687799
01782031033
01838805280
01711406786
01745720612
01743090002
01730937642
01712089447
01716827221
01712036770
01715224332
01640051400
01711406786
01711042562
01719609089
01718272716
01714886261
01728723095
01711262003
01735804896
01718916666
01712060066
01724402273
01714285770
01729491759
01911992387
01711001486
01733359886
01745695853
01717754384
01711281119
01733910075
01721905041
01709313174
01711958905
01740059891
01846201250
01711243378
01977787860
01719799596
01753971326
01790726726
01711880587
01712978754
01727509120
01921003490
01866237711
01729578934
01783852647
01727035176
01727688762
01716540270
01714563205
01726646819
01850082379
01711582994
01756340409
01712368097
01758694686
01716066237
01715222424
01711589113
01741154274
01799255080
01715327946
01717823333
01787178003
01712793144
01759925339
01720550713
01711175285
01755214100
01713027740
01712794039
01790529557
01724528125
01768256675
01310489680
01718553875
01733957104
01716194937
01918408893
01716115768
01715187379
01722076701
01812534900
01719607021
01716523996
01736644768
01764589248
01733431202
01720608114
01797189956
01926097715
01712553343
01777104799
01725787244
01728797858
01966304826
01757801779
01711165822
01711193342
01711308793
01719285619
01716668352
01715655687
01715167648
01711732531
01714188777
01939819151
01715072442
01717112129
01711197571
01729772223
01715040403
01758016161
01722004068
01716273334
01917835747
01611784985
01711455024
01711055559
01776754152
01752910982
01971851651
01787173933
01709807864
01718023642
01765768389
01915560980
01939810837
01818445865
01623836677
01711958887
01876578989
01712867613
01724575990
01717321635
01823225147
01727254781
01988353913
01718374899
01737775549
01750496450
01747908151
01718428484
01712778546
01312880071
01755955393
01718428484
01718609288
01734490355
01716956274
01718923256
01727075615
01711260141
01711442106
01733123543
01711804083
01711391735
01316181154
01711332925
01711382068
01727020744
01715432128
01824443781
01752199616
01723410965
01712624594
01759470898
01720528183
01716922475
01725401776
01724870029
01998019115
01712220337
01761707647
01718453903
01725402234
01761859047
01913380605
01303525691
01714665743
01535462888
01718381084
01816542448
01711594671
01721262165
01711571150
01737775555
01712449766
01912617457
01762264129
01774919186
01724252410
01711314391
01727254865
01720646484
01715590097
01715222737
01731419368
01763872900
01762759080
01718342299
01712073316
01715440322
01799603737
01742832733
01716532440
01718731759
01715182211
01814757152
01819436777
01915989777
01712708740
01720588476
01915593551
01725368677
01712650053
01712790039
01729506093
01723944241
01712383836
01836198992
01721905365
01715160975
01711129381
01861783067
01717350205
01718653819
01711287905
01615530300
01715066114
01306773394
01725945342
01721933098
01716305852
01720595680
01712065938
01730948331
01764617701
01923848538
01712621774
01711901347
01831300932
01719606900
01716921140
01866793232
01735493462
01919778295
01715868420
01715120821
01733122975
01911761870
01731760022
01775537443
01711141115
01978168611
01711262599
01922802655
01764097406
01718078248
01721576978
01818601672
01711939367
01712383278
01916482825
01758323266
01747016514
01749179531
01725945342
01716313808
01743904279
01818380981
01761733022
01824443758
01718078279
01944318497
01718348695
01711262083
01715842044
01726094319
01740623462
01715208580
01716649498
01711486383
01737304303
01725592827
01818257528
01711955488
01711450854
01716284974
01943871375
01715621342
01712482396
01721813927
01711437374
01716101925
01716048225
01711262079
01727047744
01711109018
01715477706
01718919114
01788939367
01741875601
01715133680
01914384456
01921003600
01716886171
01717555707
01742759245
01911768923
01727202289
01712900808
